' '
'LAM_040N097W'
 2        33.000        45.000       -97.000       -97.000        40.000
'POLSTE_HEMI'
  6         1.000        45.000       -98.000       -98.000        90.000
'12CONUS'
 2 33.0  45.0 -97.0 -97.0 40.0
' '
'WRF_CMAQ_2WAY'
'LAM_040N097W'  -2556000.000  -1728000.000     12000.000     12000.000 459 299   1
'HEMI_187_187'
'POLSTE_HEMI' -10098000.000 -10098000.000    108000.000    108000.000 187 187   1
'12US2'
'12CONUS'     -2412000.0 -1620000.0 12000.0 12000.0 396 246 1
'12US1'
'12CONUS'     -2556000.0 -1728000.0 12000.0 12000.0 459 299 1
'M_SCAM_12KM'
'12CONUS'     -2316000.0  -768000.0 12000.0 12000.0  80  80 1
' '
